5567321298960384 1024.0
5176996885692416 808.0
4965890653159424 396.0
6411746229092352 711.0
6091790560002048 1155.0
6409597537484800 1086.0
5264993383612416 817.0
4544825816776704 546.0
6658261233172480 438.0
5483688823357440 724.0
6183549449273344 1130.0
6042811960918016 928.0
5905901288423424 424.0
5057649542430720 428.0
5272055383588864 396.0
6504629728706560 546.0
6397955290431488 1453.0
5434257440768000 713.0
5328701505929216 640.0
6679430267142144 790.0
4594930221580288 492.0
4665298965757952 835.0
5342337221787648 305.0
5509723895889920 1209.0
5720830128422912 1302.0
6586981431640064 978.0
6072673849311232 1163.0
5883293989863424 939.0
5310480442720256 724.0
5804183577952256 424.0
6436380349562880 814.0
6717855326273536 825.0
5697508535697408 478.0
4678283671109632 1155.0
4551703468703744 438.0
5617131242651648 835.0
6192736384319488 835.0
6240553328967680 713.0
4842566774161408 1155.0
4701829285806080 600.0
4923922514444288 835.0
5346134979510272 492.0
6472034886352896 835.0
6531416634425344 316.0
6331297397997568 748.0
4675332357488640 654.0
6486258744295424 713.0
5379019799265280 993.0
5138251247517696 766.0
4943632253583360 424.0
5360358837452800 1047.0
6364182217752576 546.0
5365844718649344 993.0
4856776270807040 856.0
5625342213488640 600.0
6515134467932160 643.0
6476364213387264 1168.0
6692925121495040 1141.0
6552187633139712 424.0
5764941065748480 835.0
5848500191363072 1140.0
4577177779568640 1399.0
4967669642035200 1091.0
5189764816830464 817.0
5460250851278848 492.0
5178775874568192 898.0
5731823042691072 492.0
6093569548877824 1163.0
6023200804700160 314.0
5741725827989504 779.0
5862120740618240 600.0
6586150758121472 713.0
4967690848436224 1087.0
4983090051022848 970.0
5107347481427968 1708.0
4594428729622528 815.0
4685135016361984 1174.0
6108989957865472 438.0
6233247388270592 1247.0
4765022469226496 1195.0
6594609817845760 760.0
5884313763577856 1301.0
6396425275441152 716.0
5833475322019840 790.0
5425315440492544 438.0
5008314662387712 1183.0
4580890510360576 835.0
5289789639098368 835.0
6551215347335168 424.0
6415689545940992 939.0